From        to        Volume Capacity
1        2        2069.9999985849454
1        3        3509.999998610365
2        1        2069.999998584984
2        6        3149.999998697045
3        1        3509.999998610329
3        4        6240.905726879273
3        12        2849.0942703593632
4        3        6284.975501544218
4        5        9809.999998704987
4        11        3900.905726908588
5        4        9809.999998701325
5        6        7469.999998586949
5        9        7109.999998612249
6        2        3149.9999986970824
6        5        7469.999998585632
6        8        7019.99999863672
7        8        5849.999998666157
8        6        7019.9999986354405
8        7        5849.999998666154
8        9        4409.999998632529
9        5        7109.999998609913
9        8        4409.999998631245
9        10        12149.99999864232
10        9        12149.999998638708
10        11        7109.9999986643
11        4        3854.9755015772
11        10        7199.999998660668
11        12        3885.0244956308134
12        3        2805.0244956943825
12        11        3929.094270295784
