From        to        Volume_Capacity
1        2        26858.82563702409
1        3        9114.95337931236
2        1        41567.47070481989
2        6        5985.046598347216
3        1        36966.029178144025
3        4        14590.39279754571
3        12        23140.324845284224
4        3        12228.215297636512
4        5        18762.17749560892
4        11        10872.218316245819
5        4        16857.31579965251
5        6        8449.1105351541
5        9        18964.34438717052
6        2        6671.784679159567
6        5        9257.315790512012
6        8        14134.518308281398
7        8        12725.29911123954
7        18        8885.046591204871
8        6        10706.038314541016
8        7        21610.345708715176
8        9        7842.684134268605
8        16        12723.98975956997
9        5        16251.27743585639
9        8        7473.951523796909
9        10        30933.076960756724
10        9        27951.277398970313
10        11        20158.437834024782
10        15        26628.01123353328
10        16        12063.148102207764
10        17        8799.999881176678
11        4        4599.999932911743
11        10        16731.423044201605
11        12        9299.999938811083
11        14        9383.468878271371
12        3        10815.764266849674
12        11        9084.235657236692
12        13        12440.324854677738
13        12        13999.999992200188
13        24        10940.324857478648
14        11        5914.902566070264
14        15        10507.54949941162
14        23        9412.530543466313
15        10        29191.97019547832
15        14        8254.024702749475
15        19        20077.251086334516
15        22        17632.5863945605
16        8        4923.423316429951
16        10        10367.827788102632
16        17        8656.161902604787
16        18        12492.659628123738
17        10        8276.576461374198
17        16        11652.934789231924
17        19        10570.488482973005
18        7        11425.299120747166
18        16        7123.989844491068
18        20        16953.71635288597
19        15        20177.36145682797
19        17        13043.837949797946
19        20        8862.150834280432
20        18        14025.299098795518
20        19        11435.610671597702
20        21        6429.51139505354
20        22        6899.999916595283
21        20        5974.553978255491
21        22        7522.867480096251
21        24        9648.142234007819
22        15        17742.9101893503
22        20        6899.99991662029
22        21        7518.630741265086
22        23        10082.07915153072
23        14        8197.48902792726
23        22        10188.166207514116
23        24        9851.857718626048
24        13        12399.99999500105
24        21        9197.421556040972
24        23        8742.90325907038
