From        to        Volume_Capacity
1        2        4502.499999999989
1        3        8127.1333333333405
2        1        4526.2666666666655
2        6        5970.166666666665
3        1        8103.366666666671
3        4        14024.866666666678
3        12        10048.933333333323
4        3        14049.966666666642
4        5        18020.33333333338
4        11        5207.633333333336
5        4        18046.533333333355
5        6        8797.433333333332
5        9        15788.19999999998
6        2        5993.933333333331
6        5        8804.766666666686
6        8        12496.766666666688
7        8        12104.833333333325
7        18        15805.20000000001
8        6        12527.866666666641
8        7        12046.966666666667
8        9        6885.066666666667
8        16        8388.399999999989
9        5        15807.066666666693
9        8        6838.5
9        10        21749.66666666661
10        9        21821.966666666605
10        11        17730.0
10        15        23129.666666666628
10        16        11048.066666666642
10        17        8103.10000000002
11        4        5306.53333333333
11        10        17608.266666666612
11        12        8366.966666666665
11        14        9778.299999999983
12        3        10000.066666666697
12        11        8407.133333333362
12        13        12306.999999999993
13        12        12398.299999999988
13        24        11121.966666666667
14        11        9815.299999999977
14        15        9038.33333333334
14        23        8400.566666666651
15        10        23199.099999999995
15        14        9081.166666666637
15        19        19085.733333333355
15        22        18410.200000000023
16        8        8408.200000000006
16        10        11073.966666666687
16        17        11692.800000000028
16        18        15302.89999999999
17        10        8101.8
17        16        11681.666666666664
17        19        9953.600000000013
18        7        15863.06666666667
18        16        15359.733333333312
18        20        18991.60000000003
19        15        19121.233333333363
19        17        9941.166666666677
19        20        8687.633333333362
20        18        19006.29999999998
20        19        8710.700000000019
20        21        6307.666666666662
20        22        7005.133333333319
21        20        6245.300000000004
21        22        8622.999999999998
21        24        10309.233333333346
22        15        18386.96666666669
22        20        7005.26666666666
22        21        8608.900000000003
22        23        9664.566666666675
23        14        8394.733333333344
23        22        9627.366666666649
23        24        7907.7666666666555
24        13        11113.26666666666
24        21        10260.966666666642
24        23        7864.733333333349
