4931.58515575375
7852.799609523384
4972.785267372892
4771.599992612727
7811.599497904101
12654.46502154263
9439.40854305865
12626.600028672025
15168.998050012697
3987.5583523684495
15210.756882307945
5953.323577067531
12975.696729388343
4812.800104231908
5931.798796527769
10244.901313698669
10140.226737559322
13236.484178787625
10264.576644778514
10116.512369881797
5753.577209562388
6710.302807150358
13038.980342223118
5701.905949849586
17513.717576809333
17605.32992993154
14206.540556672568
18958.704491243552
8827.784372653345
6479.996044989559
3997.9345272027017
14138.97024938457
6779.72740733589
7390.0999391234
9426.0734243098
6795.326230502877
11534.174825002281
11616.438529420564
8396.607888441573
7397.306983502533
6791.275955334782
6090.50805887979
19028.75854389504
6810.283076889315
14764.532382852827
13822.990961156755
6757.935030265059
8836.914959590911
8882.40323104111
14120.675938445094
6479.99406581056
8887.666892799123
7309.200103293717
13260.198546465052
14172.175086739351
16620.413103002687
14797.530539356658
7314.461785872884
6650.094332237826
16615.626618974373
6688.354171320664
5067.410041549056
5600.000001385504
5020.869549507725
6775.722086218273
8315.162997703119
13799.053978859096
5600.01384848183
6767.800435441743
7444.45638254118
6078.70798170438
7412.611596563355
5763.702162218734
8398.871592859989
8276.544156437947
5720.057299065506
