4938.240000000015
7854.751999999992
4974.607999999983
4777.672000000003
7818.383999999981
12642.192000000021
9455.55999999997
12640.984000000002
15145.752000000059
4000.928000000004
15231.144000000004
5954.200000000023
12951.84800000002
4814.040000000027
5924.088000000025
10250.855999999987
10133.352000000035
13239.256000000008
10257.111999999996
10119.392
5760.551999999986
6709.447999999991
13067.351999999975
5697.608000000021
17494.360000000113
17626.920000000122
14191.65599999999
18952.743999999988
8827.62400000001
6479.992000000006
3994.3279999999927
14158.455999999956
6764.91200000002
7397.176000000016
9420.399999999954
6804.063999999985
11534.927999999993
11618.920000000007
8396.663999999986
7398.223999999981
6808.063999999994
6092.528000000015
19030.111999999954
6808.056000000007
14767.607999999957
13822.288000000031
6764.687999999974
8836.007999999969
8880.82400000003
14117.327999999992
6480
8887.360000000052
7308.8240000000005
13253.215999999975
14174.416
16622.527999999944
14801.751999999991
7315.367999999997
6652.2320000000245
16613.576000000045
6692.920000000014
5069.016000000012
5601.296000000001
5019.783999999966
6780.616000000003
8317.735999999974
13785.504000000034
5602.263999999977
6769.895999999961
7439.440000000016
6093.583999999988
7392.903999999981
5763.127999999981
8400.656000000015
8279.223999999991
5717.64800000001
