4933.646182400006
7856.640147520043
4976.649746079951
4773.658176720045
7813.636583840012
12653.856821920092
9435.638555600015
12618.951209840016
15168.824257520311
3986.575209280021
15203.305911440137
5952.0307419999635
12976.810318479944
4816.66174039996
5927.270440879957
10245.670508560017
10140.484533519884
13236.136392559943
10263.913771119975
10116.176393920046
5754.466405519903
6710.627094480011
13036.052273520134
5701.132976079994
17515.57654359997
17601.48506919962
14208.100316560016
18960.979927440207
8828.188276240138
6479.996799920065
3997.187943279974
14142.135184559915
6783.56044912006
7386.0875717600165
9427.540603999945
6793.140040640059
11534.010549279941
11615.492189200064
8397.943966639881
7401.155582240015
6787.213680639936
6090.7417252800615
19024.457501120014
6811.474480560031
14764.58047607993
13822.647822879828
6757.895646880049
8836.58276008019
8883.186408239999
14120.195573279889
6479.998400000013
8886.37207359984
7310.113888239979
13260.444532159869
14172.672944159882
16619.675825280025
14797.532017520007
7313.301153679986
6651.284922319971
16616.461335760097
6687.423729200066
5067.457890159912
5600.059212959995
5020.432597839931
6775.495006160106
8313.12477735994
13797.434655040122
5600.008822639919
6765.737298960029
7447.334394399949
6081.548935840027
7412.313129039963
5766.249631279956
8399.42560656
8275.857192240024
5722.035576479979
