1176.6741547199945
1891.2273332799941
1171.223732999995
1136.6785535000047
1896.6777549999917
3579.448867139996
2709.205819439976
3577.970883480038
3926.8403912200283
1297.239515419994
3948.6645553599983
1456.2415527200174
3410.599638579982
1131.228131780001
1478.1631999800181
2472.908104760002
2694.839389939996
3451.572304379997
2489.3793303000093
2671.5877049799888
1512.3546937599829
1536.8307757399973
3410.5021554600194
1515.5115746200065
4454.948457980029
4478.007855719959
3393.0334142000024
4589.059935199994
2099.6292018800013
1620.0114040400133
1293.9373676200078
3378.819707720012
1306.3397614999924
2085.131798479996
2716.134224819991
1301.673766359991
2845.3970682599866
2867.6594784999666
2117.7491875999835
2092.281939339977
1965.046146380017
1702.2540150000082
4595.2775283000165
1976.234179759967
3803.023023780007
3320.4110085199686
1526.8934354599926
2110.6929128399934
2133.839952979965
3659.7818338399948
1620.003204200012
2125.108848859987
1752.9757385600067
3474.8239893400305
3669.6393086399435
4124.925639960026
3805.7442453000126
1744.236434599982
1858.7999878200021
4138.034799719989
1852.7819053799942
1261.8334176199817
1399.9998005400055
1248.9138988399934
1450.4560896400046
1832.6611017599957
3315.0954134800313
1400.0103966399984
1450.8682972199842
1918.1930211600024
1698.2161224799981
1913.3002297999867
1707.357296099982
2120.011597839977
1819.3293754000067
1698.4266122200106
