1175.4720000000032
1893.328000000003
1173.299999999996
1135.3500000000083
1895.5000000000018
3586.7139999999986
2701.9439999999895
3568.3479999999863
3939.1220000000144
1291.5419999999986
3935.536000000002
1455.2720000000052
3423.8580000000043
1133.1780000000008
1479.9979999999932
2470.4759999999937
2698.9939999999924
3450.438000000007
2493.030000000004
2670.4979999999914
1509.375999999998
1537.5740000000071
3395.5459999999925
1517.4620000000002
4465.797999999991
4465.571999999992
3401.419999999991
4593.520000000012
2100.188000000012
1620.4039999999982
1296.7620000000034
3370.7720000000013
1316.1499999999971
2079.8479999999977
2722.4820000000022
1296.6359999999993
2846.8259999999955
2867.850000000002
2118.7600000000034
2093.9339999999925
1954.6379999999956
1701.499999999996
4592.8299999999945
1977.9760000000028
3802.3779999999956
3320.852000000001
1523.5460000000016
2111.2839999999837
2135.298000000004
3663.3840000000073
1620.4199999999967
2124.885999999991
1753.8559999999993
3478.933999999997
3670.864000000004
4123.996000000005
3804.5299999999947
1743.4600000000057
1858.7819999999988
4139.972000000003
1850.538000000003
1261.7620000000045
1400.0540000000017
1249.8840000000025
1448.964000000001
1830.1759999999945
3321.347999999999
1399.663999999998
1449.7220000000045
1922.1160000000064
1692.247999999993
1922.9800000000048
1709.61
2119.784000000012
1817.5399999999984
1701.2219999999893
