1177.7001850621953
1893.1643125321816
1173.1603562230632
1137.6996906426486
1897.704141371327
3579.149129501143
2707.3195840365834
3574.146245013117
3926.7371837281844
1296.7095078278655
3944.9150429897545
1455.6021886896658
3411.130666947888
1133.1598618035252
1475.9042177793137
2473.298046382514
2694.958886829849
3451.391251940664
2489.06024663299
2671.395208596276
1512.7862667689928
1537.023814769698
3409.006497119741
1515.1170203567922
4455.915479739398
4476.122063499034
3393.8200721099315
4590.213105733904
2099.8339685568576
1620.0071698346849
1293.5287640784031
3380.405223161125
1308.2405826713496
2083.122554890419
2716.8622973637084
1300.569243996485
2845.287954438863
2867.1593290911683
2118.4081350241245
2094.198300866969
1963.0183931874417
1702.370362350722
4593.13670389535
1976.8229067055759
3803.058123630604
3320.2407649616202
1526.891583198872
2110.5305656697647
2134.236307942389
3659.537055190466
1620.0084072687132
2124.4680125597597
1753.4322861090943
3474.954930174201
3669.8697161150867
4124.558137237613
3805.7516812685053
1743.6652281604802
1859.3957398984244
4138.454476395996
1852.3222395878245
1261.8543004057651
1400.011375807135
1248.6797375394494
1450.3386809369515
1831.65761527525
3314.2753190032427
1400.0087775210436
1449.825449080211
1919.6326631958188
1699.6415948091699
1913.1513870946221
1708.6148472622192
2120.279509676453
1818.99628426572
1699.4048036194688
