4933.7321154068095
7853.721920758649
4973.723860213146
4773.732588793548
7813.730175952205
12652.426050909908
9439.1552019051
12625.420658297306
15165.165051643331
3988.7269359561783
15209.883554855503
5954.332609976991
12970.841189575716
4813.724333600254
5929.361174238396
10248.05449276819
10140.145090022203
13233.81637200126
10263.074801835784
10113.836286184487
5755.0654374532
6713.090719539983
13040.53112852649
5698.864734601166
17511.886128481667
17605.375364580203
14202.952130650921
18962.368305155083
8828.633536157775
6479.9970859860105
3997.003040131114
14145.113568688012
6780.320606336557
7383.876352408959
9426.1688497116
6794.271481609981
11534.390615249442
11615.3551383291
8398.205550392211
7400.36301934763
6789.2229463435415
6086.85092217517
19026.173529737083
6808.56369172196
14763.879353144373
13826.46614609347
6758.002927621858
8836.153195623427
8880.299164388633
14123.209799377468
6480
8889.306888324863
7307.42913441925
13260.125175839128
14166.633942989092
16623.01902793722
14798.452823069627
7316.439772369216
6647.452207248461
16612.751975387215
6691.036315124198
5067.23878295232
5600.023824329066
5020.573786083748
6777.000458765243
8313.890499786849
13795.03864612847
5600.005876522915
6766.687679580579
7450.987776643473
6083.996843735504
7409.229549687343
5765.260638203558
8399.17007347188
8277.538282103005
5720.64833280756
