1176.8231736156563
1892.6543216671291
1172.6509216731085
1136.8283735956627
1896.8265736096812
3578.570602979978
2707.4744847848897
3574.8029629938096
3926.419277062655
1296.685972719731
3946.862884288818
1453.3151480536221
3413.109528963065
1132.6561216531077
1476.2551709918164
2470.1299215672966
2695.078144891491
3449.9283303611633
2488.8976925628976
2669.947130489152
1512.858726797233
1538.1135522096913
3410.6131132510664
1517.9275611315568
4455.058166481425
4477.630585103694
3394.0543173933193
4587.129900806974
2099.049196429954
1620.0032000959893
1292.4747255073894
3377.669402117862
1307.7200700306382
2087.4130371425235
2715.4143767136343
1301.8789954921792
2845.372252412521
2867.471069802714
2118.3471828257602
2092.6579491931943
1964.6042339165117
1703.3108406322488
4594.978519605611
1976.2923931916382
3803.923632786336
3319.653787406008
1526.681474468662
2110.153711601084
2135.0563401033937
3657.9679897639626
1620.0074000239997
2122.8216548705086
1754.4005322873095
3475.0593447634815
3669.87511242696
4122.8836446485875
3806.1908513045732
1742.1700469824366
1861.7651859358957
4139.921781713885
1851.8019191492667
1261.8878177021954
1400.0070001059921
1248.9660878688924
1450.848111207067
1832.2627042572658
3316.9233469614956
1400.0036002180118
1450.4134869430986
1917.8799793478297
1696.8675934078115
1914.7115147513248
1708.1666958327282
2120.4460002160054
1819.7755986879163
1698.5549840118395
