1177.3615667415568
1892.166712273356
1172.167312237329
1137.3595667855477
1897.360966777555
3580.297994488641
2708.4784920581747
3576.299379708841
3927.7062684038815
1297.2719723951325
3948.42888664554
1454.8053624155189
3412.8963059963794
1132.1653122812927
1477.0991816319952
2472.1567290810444
2694.489148393892
3453.0361157230336
2489.2562937932607
2673.0489158770697
1512.6797235469533
1535.2209683077424
3411.3251050215363
1516.1131551157491
4456.648149484619
4478.510380078594
3391.739330334123
4590.080690599365
2099.64299629204
1620.0096001140325
1292.5507393736748
3380.2117881970803
1307.0030633976119
2083.7142513180497
2717.6713613422958
1299.5492167376701
2845.2412539706957
2866.980276594812
2118.2825774918406
2094.919322819373
1963.39165046148
1704.063222540143
4591.960552775348
1979.3191623418131
3803.278630230236
3318.740604110061
1527.446868934376
2111.1601069291455
2134.0103383995133
3658.9763978183455
1620.002400032036
2125.4870510884616
1753.2287297574014
3474.4763482399094
3671.2426963931016
4124.46484925642
3805.1304574424717
1744.6982423643474
1858.5935879998717
4138.171380347973
1851.9149278190398
1261.7702183341826
1400.0105999980265
1248.786889138989
1451.1207045609176
1830.4257266110003
3314.696150954178
1400.0218001039611
1448.694308682986
1917.934781930214
1699.3407821612252
1911.4751330022893
1709.5832735729666
2120.0216001159547
1819.8687932937648
1698.401184266129
