1176.6319301018812
1892.6967638830872
1172.692392517054
1136.6337486208859
1896.6363014679546
3580.1645993756597
2707.445346415309
3574.7437203484915
3928.6454442664867
1296.1173523459388
3945.3504787544866
1455.090848526306
3413.558116804361
1132.694211036057
1477.123340670437
2471.7177950343626
2695.006078247283
3452.735116776282
2489.8107495937743
2672.7507799679643
1512.0436809394482
1535.6104148808006
3408.2306591483216
1516.6414543626943
4456.824015393992
4476.094331161379
3395.6109252431916
4588.382905115446
2099.414433991126
1620.0064434482995
1293.9914388306877
3377.3320031813582
1307.9415702842584
2086.2247604230206
2716.805763027311
1301.1000450490185
2845.173581066417
2867.692472443158
2117.612221819676
2092.661450081279
1964.0500955495784
1704.1985322007167
4594.43172670501
1977.6862254772902
3803.3873617144613
3318.5039561190624
1526.85029773748
2110.911328993691
2135.288049435916
3658.26377712804
1620.0099646850908
2123.6448681726915
1754.3150626428612
3474.99041505575
3672.643736250383
4123.247734756569
3805.2898454764522
1742.675402616397
1860.7172982067104
4139.882992158328
1850.9801219422257
1261.9375956451854
1399.9997583448053
1248.8270650818554
1449.6933220374547
1832.2899802657723
3316.2864238744737
1400.008370045529
1450.3730525469882
1916.3714659669515
1696.9990919313066
1914.842275932584
1707.8333627301927
2120.131113196392
1818.4997191928592
1699.1047324263798
