From        to        Volume_Capacity
1        2        4937.206006005988
1        3        7855.9327327327455
2        1        4975.846246246253
2        6        4776.864864864863
3        1        7817.29249249249
3        4        12647.711711711712
3        12        9445.472672672682
4        3        12629.645645645694
4        5        15154.839639639611
4        11        3996.329129129131
5        4        15217.047447447463
5        6        5957.419819819827
5        9        12957.597597597629
6        2        4815.505105105118
6        5        5928.77837837838
6        8        10253.674474474474
7        8        10138.267867867928
7        18        13235.007807807799
8        6        10263.673273273283
8        7        10115.089489489419
8        9        5754.522522522509
8        16        6712.908108108078
9        5        13048.446846846839
9        8        5694.097297297306
9        10        17503.572372372364
10        9        17613.996396396367
10        11        14204.444444444436
10        15        18951.409009008967
10        16        8830.803603603657
10        17        6479.995195195215
11        4        3996.055255255271
11        10        14142.044444444415
11        12        6775.53393393397
11        14        7394.954954954958
12        3        9424.898498498498
12        11        6798.351951951969
12        13        11535.389789789728
13        12        11617.633633633612
13        24        8396.665465465425
14        11        7389.463063063057
14        15        6800.345945945963
14        23        6084.410810810814
15        10        19043.536336336325
15        14        6798.986186186194
15        19        14764.021621621616
15        22        13829.837837837842
16        8        6760.153753753767
16        10        8831.495495495477
16        17        8876.607807807803
16        18        14127.005405405425
17        10        6480.0
17        16        8884.948948948975
17        19        7305.575975975991
18        7        13258.186186186162
18        16        14166.60180180188
18        20        16627.867867867764
19        15        14805.645645645614
19        17        7313.9219219218985
19        20        6650.09489489489
20        18        16610.64264264264
20        19        6700.06486486485
20        21        5067.329729729723
20        22        5600.778378378357
21        20        5019.493093093062
21        22        6777.225225225194
21        24        8315.055855855815
22        15        13798.981381381422
22        20        5601.359759759736
22        21        6768.432432432367
22        23        7450.2054054054
23        14        6080.278678678668
23        22        7411.137537537559
23        24        5763.978378378348
24        13        8398.90930930928
24        21        8276.012012011992
24        23        5720.778378378392
