4932.298136461762
7854.771366401517
4974.776166497432
4772.310936581857
7812.293336365776
12652.187338568181
9437.168756385507
12622.346989511974
15167.082888242501
3986.5422657521176
15203.782433059338
5954.923520307464
12972.188168103192
4814.788966617416
5929.420072704322
10247.20165670505
10141.199004845434
13233.154761363903
10264.176239137816
10113.223561764004
5753.790344664033
6713.879106270876
13034.391160522857
5699.901011329737
17512.190355765437
17600.50401485075
14210.680481003146
18958.964009799332
8828.160281882641
6479.99359996807
4000.0023718794164
14139.339021351838
6782.211835604493
7388.907460875712
9424.53107540612
6797.377531400369
11534.336140105495
11616.864154921985
8396.87197943972
7395.860411555865
6790.553472136728
6087.119307417223
19031.08704457508
6805.3041147447575
14764.083645804709
13825.999826478153
6756.767578956542
8835.645165827551
8882.868831864193
14121.794001955876
6480.0407999839645
8885.62246372068
7309.593901138935
13261.130204445377
14169.413726729445
16620.64139675818
14798.746375320266
7312.394733011549
6651.711312849214
16616.236564613595
6689.174874237305
5067.596274578954
5600.024800592048
5020.6902043259415
6774.1917549500295
8317.602331247848
13798.210774346602
5599.989600088241
6770.117257373019
7447.845673343884
6079.321615489306
7415.946923131317
5761.799262496399
8399.399994256033
8274.770758571936
5722.102820355825
