4933.3565229813685
7853.803347713696
4973.806547761675
4773.354923109443
7813.353322933297
12655.679321873391
9439.187171687585
12625.331823469773
15169.678070829035
3987.6894654226653
15206.87843782436
5957.905149235205
12971.78972188175
4813.804947889636
5931.097694200743
10251.244072016523
10139.99821198996
13239.35633154751
10264.886641762414
10119.411532235656
5753.449537903413
6708.123938791064
13035.797543911649
5696.27859901025
17515.37272190354
17602.209605040247
14206.071706804742
18964.85758963998
8829.349881602742
6479.993599936043
4000.1416000237223
14144.405393390252
6780.7902221184095
7381.526689074601
9429.084645310732
6792.701573775314
11534.089743361503
11615.898568641445
8396.74956871968
7400.401158604003
6788.1199055346615
6088.626471193148
19025.060710870348
6811.364053041196
14762.789240836437
13824.171859998194
6758.350767675771
8837.655556451848
8880.748828688264
14123.766017939919
6479.988000408064
8890.93045622457
7307.259495938897
13259.943011302057
14172.116894137249
16623.75820641392
14796.645587463683
7317.435523947271
6645.349717113138
16612.695762365274
6689.382091748791
5067.347475962757
5600.029600247964
5020.316606902086
6774.702941917509
8313.9351760233
13793.762782107724
5600.030399895992
6766.650901172522
7447.944878456782
6084.256793216082
7409.484559469211
5764.593617992656
8398.558393999929
8274.956347707544
5721.763621028231
