From        to        Volume_Capacity
1        2        4496.669999999981
1        3        8121.499999999999
2        1        4521.239999999992
2        6        5967.769999999996
3        1        8096.930000000007
3        4        14012.269999999979
3        12        10030.399999999992
4        3        14036.550000000032
4        5        18010.910000000007
4        11        5202.290000000009
5        4        18035.51999999997
5        6        8797.690000000006
5        9        15783.610000000046
6        2        5992.339999999998
6        5        8805.990000000043
6        8        12493.409999999994
7        8        12103.530000000022
7        18        15796.90000000005
8        6        12526.279999999975
8        7        12042.390000000023
8        9        6883.609999999997
8        16        8388.64
9        5        15799.91999999996
9        8        6837.590000000021
9        10        21746.00999999993
10        9        21816.299999999854
10        11        17727.830000000064
10        15        23126.970000000005
10        16        11047.36999999997
10        17        8100.929999999999
11        4        5301.959999999985
11        10        17605.6699999999
11        12        8365.790000000012
11        14        9777.100000000022
12        3        9981.550000000027
12        11        8405.660000000009
12        13        12293.51999999996
13        12        12384.539999999974
13        24        11121.539999999985
14        11        9814.739999999985
14        15        9036.960000000017
14        23        8400.689999999964
15        10        23194.050000000025
15        14        9080.370000000006
15        19        19084.500000000022
15        22        18409.810000000023
16        8        8406.39
16        10        11073.129999999972
16        17        11694.410000000022
16        18        15286.14999999998
17        10        8100.540000000001
17        16        11683.44999999997
17        19        9953.290000000014
18        7        15858.039999999999
18        16        15340.619999999995
18        20        18980.67999999994
19        15        19118.110000000004
19        17        9941.93999999995
19        20        8688.239999999993
20        18        18996.289999999946
20        19        8710.5
20        21        6303.60999999997
20        22        7001.540000000005
21        20        6241.440000000005
21        22        8620.629999999988
21        24        10309.589999999987
22        15        18386.6900000001
22        20        7001.580000000013
22        21        8608.180000000042
22        23        9661.980000000021
23        14        8394.920000000011
23        22        9626.449999999973
23        24        7904.089999999995
24        13        11112.560000000023
24        21        10259.870000000044
24        23        7862.790000000024
