From        to        Volume_Capacity
1        2        4953.887933000001
2        1        1697.05278
1        3        0.0
3        1        4965.285802
2        3        6375.141498
3        2        4228.400823
2        4        2720.980405
4        2        2919.209436
3        5        7937.110970668919
5        3        11990.923462620718
3        6        4344.372111331082
6        3        7664.200236379589
4        5        5714.262070000001
5        4        2128.517423
5        6        6973.081075
6        5        2197.2442899999996
4        8        2599.762385
8        4        1833.068397
5        7        11698.026710668995
7        5        4639.177390620411
6        7        7740.142765331082
7        6        3455.3498833795206
7        8        2840.497335
8        7        2070.756432
