From        to        Volume_Capacity
1        2        2705.4022489999998
2        1        912.102904012064
1        3        0.0
3        1        1008.794522987936
2        3        2705.5341707578236
3        2        1201.8706165668643
2        4        1378.0546812422758
4        2        1142.245858445291
3        5        1441.2242702143187
5        3        1120.5906783715914
3        6        1194.9418735434067
6        3        812.897882183118
4        5        901.6666518852309
5        4        1186.6159267577245
5        6        1043.4778242969242
6        5        933.357016
4        8        1102.056217
8        4        1171.0529703305272
5        7        1130.2158724565932
7        5        1634.1193047832885
6        7        955.2728835434078
7        6        1205.2531838861892
7        8        1253.4440610000001
8        7        1182.354041669473
