From        to        Volume_Capacity
1        2        1243.510509606313
2        1        912.1029040028542
1        3        1461.8917393936867
3        1        1008.7945229971459
2        3        1344.2952954309876
3        2        1262.2185867784624
2        4        1277.4365560341314
4        2        1081.932627083113
3        5        1472.7359612890589
5        3        1113.9644325428767
3        6        1264.1121485629178
6        3        879.9012002601344
4        5        961.9408749204347
5        4        1287.2546687251
5        6        1043.3632323749089
6        5        933.3469429874644
4        8        1102.0562198583887
8        4        1170.993348102713
5        7        1061.1094354648094
7        5        1567.134930910701
6        7        1024.423779639324
7        6        1272.341641949104
7        8        1253.4440610000001
8        7        1182.4136667556745
