From        to        Volume_Capacity
1        2        1248.0156060354886
2        1        912.1029040035648
1        3        1457.386642964511
3        1        1008.7945229964351
2        3        1332.7949148628843
3        2        1247.0528950032501
2        4        1293.4134908321787
4        2        1097.069776659821
3        5        1473.0953992865561
5        3        1114.9028279207134
3        6        1247.7119353805754
6        3        863.7618149187832
4        5        946.7834670873743
5        4        1271.2571171678217
5        6        1043.377109560803
6        5        933.3655560040949
4        8        1102.056217
8        4        1170.9937037471943
5        7        1077.4458111187366
7        5        1583.2053843900485
6        7        1008.0429451627956
7        6        1256.2263711442927
7        8        1253.4440610000001
8        7        1182.4133082528058
