1,2,173.724055
1,3,1044.673202
1,4,61.422193
1,5,0.001527
1,6,1033.772092
1,7,60.905837
1,8,89.394666
1,9,0.000801
1,10,0.000474
1,11,174.539242
1,12,241.579232
1,13,0.000236
1,14,110.674548
1,15,0.000481
1,16,0.000480
1,17,141.104949
1,18,72.992863
1,19,0.000156
1,20,71.008813
1,21,0.000255
1,22,0.000303
2,1,0.000065
2,3,0.000076
2,4,0.000284
2,5,0.000156
2,6,0.000094
2,7,0.000151
2,8,0.000358
2,9,0.000126
2,10,0.000114
2,11,0.000312
2,12,0.001469
2,13,0.000092
2,14,0.000178
2,15,0.000148
2,16,0.000097
2,17,0.000233
2,18,0.000384
2,19,0.000072
2,20,0.000044
2,21,0.000084
2,22,0.000090
3,1,0.000235
3,2,0.000100
3,4,0.000136
3,5,0.000097
3,6,4.882634
3,7,67.681735
3,8,0.000154
3,9,0.000212
3,10,0.000218
3,11,180.429896
3,12,0.000063
3,13,0.000158
3,14,115.029907
3,15,0.002834
3,16,0.000384
3,17,84.894837
3,18,0.000149
3,19,0.000101
3,20,0.000058
3,21,0.000554
3,22,0.000510
4,1,0.000070
4,2,32.110587
4,3,0.000115
4,5,0.000343
4,6,0.000163
4,7,0.000343
4,8,27.333703
4,9,0.000230
4,10,0.000192
4,11,0.018009
4,12,39.526993
4,13,0.000138
4,14,0.000551
4,15,0.000174
4,16,0.000149
4,17,0.001949
4,18,14.249462
4,19,0.000075
4,20,0.000052
4,21,0.000124
4,22,0.000140
5,1,0.000061
5,2,0.000872
5,3,0.000091
5,4,0.000461
5,6,0.000121
5,7,0.000239
5,8,120.720052
5,9,56.529040
5,10,23.731209
5,11,0.001225
5,12,194.375345
5,13,0.000664
5,14,0.000389
5,15,0.000457
5,16,0.000653
5,17,148.056689
5,18,0.000794
5,19,0.000336
5,20,0.000080
5,21,0.000163
5,22,0.000121
6,1,81.953649
6,2,25.535560
6,3,290.629305
6,4,69.985431
6,5,0.003925
6,7,70.555781
6,8,95.030018
6,9,0.000188
6,10,0.000189
6,11,183.312729
6,12,0.000054
6,13,0.000141
6,14,117.840698
6,15,0.000187
6,16,0.000289
6,17,82.917221
6,18,22.758511
6,19,0.000096
6,20,0.000059
6,21,0.000361
6,22,0.000297
7,1,0.000091
7,2,0.592996
7,3,171.137572
7,4,0.001979
7,5,0.000263
7,6,0.000656
7,8,0.000157
7,9,0.000150
7,10,0.000153
7,11,112.749469
7,12,0.000046
7,13,0.000118
7,14,47.286982
7,15,0.000144
7,16,0.000202
7,17,10.379599
7,18,0.000070
7,19,0.000062
7,20,0.000043
7,21,0.000225
7,22,134.891434
8,1,0.000072
8,2,44.864364
8,3,0.000124
8,4,13.761230
8,5,110.943066
8,6,0.000177
8,7,0.002073
8,9,103.939677
8,10,31.073205
8,11,49.129479
8,12,147.812491
8,13,0.001844
8,14,0.012911
8,15,0.000136
8,16,0.007290
8,17,211.630419
8,18,22.123433
8,19,272.647907
8,20,12.424571
8,21,0.000210
8,22,0.000225
9,1,0.000069
9,2,0.002515
9,3,53.954896
9,4,0.000740
9,5,46.388198
9,6,0.000204
9,7,0.000305
9,8,0.000159
9,10,0.001175
9,11,0.027678
9,12,0.000059
9,13,0.000290
9,14,0.000372
9,15,0.000564
9,16,0.000381
9,17,103.305083
9,18,0.000051
9,19,0.000108
9,20,0.000055
9,21,0.000119
9,22,0.000197
10,1,0.000077
10,2,1.269472
10,3,105.414300
10,4,0.005410
10,5,87.917597
10,6,0.000303
10,7,0.000639
10,8,0.000077
10,9,43.188687
10,11,18.292779
10,12,0.000064
10,13,0.000451
10,14,0.001482
10,15,0.001432
10,16,0.000790
10,17,145.419718
10,18,0.000060
10,19,0.000120
10,20,0.000059
10,21,0.000141
10,22,0.000179
11,1,0.000107
11,2,78.379415
11,3,255.289343
11,4,47.595571
11,5,0.000631
11,6,0.009850
11,7,91.683668
11,8,0.000310
11,9,0.000245
11,10,346.703614
11,12,0.000084
11,13,27.465705
11,14,0.000387
11,15,86.112089
11,16,0.000140
11,17,0.001102
11,18,0.000136
11,19,0.000229
11,20,0.000075
11,21,0.001675
11,22,0.000117
12,1,0.000119
12,2,161.778187
12,3,0.000253
12,4,102.621149
12,5,233.974264
12,6,0.000127
12,7,0.000156
12,8,189.689870
12,9,0.000243
12,10,0.000181
12,11,0.001726
12,13,0.008786
12,14,5.206765
12,15,0.000089
12,16,0.456750
12,17,70.769572
12,18,0.000044
12,19,134.398319
12,20,0.000545
12,21,0.000298
12,22,0.000312
13,1,0.000039
13,2,0.000122
13,3,0.000451
13,4,0.000160
13,5,0.000341
13,6,0.000111
13,7,0.000137
13,8,0.000055
13,9,0.000200
13,10,0.000155
13,11,0.001799
13,12,0.000076
13,14,40.077906
13,15,0.000041
13,16,27.286144
13,17,268.901321
13,18,0.000036
13,19,0.000151
13,20,0.000071
13,21,0.000177
13,22,0.000253
14,1,0.000132
14,2,104.502247
14,3,285.232762
14,4,71.961242
14,5,0.001644
14,6,1.872503
14,7,121.606523
14,8,0.000052
14,9,0.000242
14,10,0.000157
14,11,33.759573
14,12,0.000065
14,13,0.000601
14,15,0.002355
14,16,0.000198
14,17,0.612910
14,18,0.000224
14,19,0.000129
14,20,0.000059
14,21,10.742069
14,22,0.000164
15,1,0.000041
15,2,0.000233
15,3,0.000069
15,4,0.000179
15,5,0.000983
15,6,0.000053
15,7,0.000058
15,8,73.564451
15,9,0.000067
15,10,0.000061
15,11,0.000094
15,12,0.000356
15,13,0.000101
15,14,0.000124
15,16,0.000141
15,17,484.301708
15,18,0.000033
15,19,16.039453
15,20,0.000215
15,21,0.000067
15,22,0.000072
16,1,0.000079
16,2,0.000289
16,3,38.243896
16,4,0.000218
16,5,0.000328
16,6,0.000184
16,7,0.000255
16,8,0.000055
16,9,0.000208
16,10,0.000166
16,11,0.000207
16,12,0.000078
16,13,0.181841
16,14,0.000153
16,15,90.519545
16,17,243.226156
16,18,0.000047
16,19,0.000170
16,20,0.000071
16,21,0.000217
16,22,0.000388
17,1,131.615232
17,2,155.019762
17,3,228.437044
17,4,7.803861
17,5,58.533413
17,6,0.002562
17,7,57.913320
17,8,373.813142
17,9,0.015936
17,10,0.001850
17,11,5.340132
17,12,275.610503
17,13,178.178548
17,14,0.000918
17,15,397.266360
17,16,186.696988
17,18,0.000102
17,19,286.518703
17,20,0.035393
17,21,19.877449
17,22,1.769104
18,1,0.000085
18,2,2.243134
18,3,0.000203
18,4,0.032944
18,5,0.000825
18,6,0.000343
18,7,6.670784
18,8,1.455037
18,9,0.000178
18,10,0.000181
18,11,97.543154
18,12,0.000062
18,13,0.000136
18,14,23.514933
18,15,0.000181
18,16,0.000231
18,17,0.638104
18,19,0.000076
18,20,0.000045
18,21,0.000283
18,22,0.000217
19,1,0.000084
19,2,0.000262
19,3,0.000443
19,4,0.000662
19,5,5.664530
19,6,0.000107
19,7,0.000319
19,8,6.107931
19,9,0.001403
19,10,0.000462
19,11,73.922812
19,12,0.000328
19,13,130.432717
19,14,170.508000
19,15,0.000072
19,16,157.721430
19,17,165.133413
19,18,0.000048
19,20,0.000177
19,21,0.123328
19,22,0.003314
20,1,0.000065
20,2,0.000130
20,3,0.000173
20,4,0.000115
20,5,0.000200
20,6,0.000080
20,7,0.000091
20,8,43.259682
20,9,0.000115
20,10,0.000099
20,11,0.000249
20,12,0.000425
20,13,0.000287
20,14,0.000711
20,15,0.000073
20,16,0.000426
20,17,40.191909
20,18,0.000034
20,19,0.015460
20,21,0.000114
20,22,0.000132
21,1,0.000061
21,2,0.000157
21,3,0.139029
21,4,0.000135
21,5,0.000111
21,6,0.000191
21,7,0.000293
21,8,0.000041
21,9,0.000089
21,10,0.000078
21,11,4.173382
21,12,0.000051
21,13,0.000156
21,14,0.136974
21,15,0.000208
21,16,0.000224
21,17,26.297204
21,18,0.000042
21,19,0.000077
21,20,0.000049
21,22,0.000220
22,1,0.000077
22,2,0.000077
22,3,0.000117
22,4,0.000071
22,5,0.000058
22,6,0.000068
22,7,0.000073
22,8,0.000029
22,9,0.000049
22,10,0.000044
22,11,0.000068
22,12,0.000033
22,13,0.000056
22,14,0.000061
22,15,0.000071
22,16,0.000498
22,17,136.666226
22,18,0.000031
22,19,0.000041
22,20,0.000032
22,21,0.000066
