1,2,0.000000
1,3,689.945191
1,4,0.000018
1,5,0.000000
1,6,591.121648
1,7,81.031788
1,8,0.000000
1,9,45.254628
1,10,33.152246
1,11,30.455519
1,12,30.707924
1,13,0.000000
1,14,93.398158
1,15,0.000000
1,16,0.000000
1,17,233.732951
1,18,0.000000
1,19,0.000000
1,20,0.000000
1,21,0.000000
1,22,0.000000
2,1,0.000000
2,3,0.000000
2,4,9.702188
2,5,0.000000
2,6,0.000002
2,7,30.863950
2,8,0.000000
2,9,25.445151
2,10,12.283858
2,11,0.000000
2,12,0.000001
2,13,0.000000
2,14,42.389470
2,15,0.000000
2,16,0.000000
2,17,0.000000
2,18,0.000000
2,19,0.000000
2,20,0.000000
2,21,0.000000
2,22,0.000000
3,1,0.000000
3,2,0.000000
3,4,0.000000
3,5,0.000000
3,6,0.000000
3,7,0.000000
3,8,0.000000
3,9,17.367339
3,10,0.660033
3,11,0.000000
3,12,0.000000
3,13,0.000000
3,14,0.000000
3,15,0.000000
3,16,0.000000
3,17,0.000000
3,18,0.000000
3,19,0.000000
3,20,0.000000
3,21,0.000000
3,22,0.000000
4,1,0.000000
4,2,0.000000
4,3,0.000000
4,5,0.000000
4,6,165.417234
4,7,21.486667
4,8,0.000000
4,9,15.821290
4,10,2.705508
4,11,0.000000
4,12,0.000000
4,13,0.000000
4,14,34.105647
4,15,0.000000
4,16,0.000000
4,17,0.000000
4,18,0.000000
4,19,0.000000
4,20,0.000000
4,21,0.000000
4,22,0.000000
5,1,0.000000
5,2,0.000000
5,3,0.000000
5,4,0.000000
5,6,92.465914
5,7,17.213870
5,8,76.977937
5,9,90.327894
5,10,74.362244
5,11,0.000000
5,12,149.845802
5,13,0.000000
5,14,11.200256
5,15,0.000000
5,16,0.000000
5,17,0.000000
5,18,0.000000
5,19,0.000000
5,20,0.000000
5,21,0.000000
5,22,0.000000
6,1,0.000000
6,2,6.855314
6,3,233.529125
6,4,252.848888
6,5,91.413904
6,7,0.000951
6,8,168.359545
6,9,126.875328
6,10,109.428907
6,11,0.000000
6,12,0.000000
6,13,0.000000
6,14,13.278174
6,15,0.000000
6,16,0.000000
6,17,5.512943
6,18,0.000000
6,19,0.000000
6,20,0.000000
6,21,0.000000
6,22,0.000000
7,1,0.000000
7,2,15.199650
7,3,29.663873
7,4,91.078273
7,5,23.872349
7,6,0.000000
7,8,120.129676
7,9,129.042829
7,10,111.620324
7,11,0.000000
7,12,0.000000
7,13,0.000000
7,14,15.889830
7,15,0.000000
7,16,0.000000
7,17,8.746491
7,18,0.000000
7,19,0.000000
7,20,0.000000
7,21,0.000000
7,22,0.000000
8,1,0.000000
8,2,0.000000
8,3,0.000000
8,4,0.000019
8,5,68.147302
8,6,159.098139
8,7,104.580999
8,9,56.603989
8,10,61.033243
8,11,262.574181
8,12,111.384090
8,13,0.000000
8,14,0.000000
8,15,0.000000
8,16,0.000000
8,17,201.675047
8,18,0.000000
8,19,0.000000
8,20,0.000000
8,21,0.000000
8,22,0.000000
9,1,0.000000
9,2,26.214260
9,3,145.906378
9,4,101.581200
9,5,115.173473
9,6,0.000000
9,7,120.604230
9,8,100.250919
9,10,0.000000
9,11,75.651171
9,12,0.000000
9,13,0.000000
9,14,3.675260
9,15,0.000000
9,16,0.000000
9,17,0.000000
9,18,0.000000
9,19,0.000000
9,20,0.000000
9,21,0.000000
9,22,0.000000
10,1,0.000000
10,2,0.000000
10,3,100.790044
10,4,53.672710
10,5,63.211927
10,6,0.000000
10,7,75.427379
10,8,50.374495
10,9,0.000000
10,11,209.775487
10,12,0.000000
10,13,0.000000
10,14,0.000000
10,15,0.000000
10,16,0.000000
10,17,0.000000
10,18,0.000000
10,19,0.000000
10,20,0.000000
10,21,0.000000
10,22,0.000000
11,1,0.000000
11,2,22.820808
11,3,37.231131
11,4,98.696723
11,5,35.139342
11,6,0.000000
11,7,7.566889
11,8,195.582171
11,9,133.792214
11,10,148.011039
11,12,10.920404
11,13,42.975712
11,14,67.376328
11,15,54.233896
11,16,40.461386
11,17,83.701968
11,18,0.000000
11,19,0.000000
11,20,0.000000
11,21,0.000000
11,22,0.000000
12,1,0.000000
12,2,0.000000
12,3,0.000000
12,4,11.197890
12,5,83.445384
12,6,0.000000
12,7,0.000000
12,8,44.705648
12,9,0.000000
12,10,0.000000
12,11,83.280186
12,13,44.942772
12,14,113.516714
12,15,0.000000
12,16,104.769394
12,17,160.132745
12,18,0.000000
12,19,0.000000
12,20,0.000000
12,21,0.000000
12,22,0.000000
13,1,0.000000
13,2,0.000000
13,3,0.000000
13,4,0.000000
13,5,0.000000
13,6,0.000000
13,7,0.000000
13,8,0.000000
13,9,0.000000
13,10,0.000000
13,11,38.328318
13,12,0.000000
13,14,68.556009
13,15,0.000000
13,16,59.029582
13,17,102.318873
13,18,0.000000
13,19,0.000000
13,20,0.000000
13,21,0.000000
13,22,0.000000
14,1,0.000000
14,2,10.997861
14,3,27.164393
14,4,87.112648
14,5,27.253125
14,6,0.000000
14,7,0.000657
14,8,60.547529
14,9,48.527004
14,10,0.000016
14,11,0.000000
14,12,148.220612
14,13,180.315142
14,15,191.574858
14,16,0.000000
14,17,18.883091
14,18,0.000000
14,19,0.000000
14,20,0.000000
14,21,0.000000
14,22,0.000000
15,1,0.000000
15,2,0.000000
15,3,0.000000
15,4,0.000000
15,5,4.735906
15,6,0.000000
15,7,0.000000
15,8,20.677010
15,9,0.000000
15,10,0.000000
15,11,28.323608
15,12,0.000000
15,13,0.000000
15,14,58.569757
15,16,68.232208
15,17,288.983459
15,18,0.000000
15,19,0.000000
15,20,0.000000
15,21,0.000000
15,22,0.000000
16,1,0.000000
16,2,0.000000
16,3,45.022245
16,4,0.000000
16,5,0.000000
16,6,0.000000
16,7,18.591982
16,8,0.000000
16,9,0.000000
16,10,0.000000
16,11,100.362720
16,12,0.000000
16,13,0.000000
16,14,114.631529
16,15,0.000000
16,17,43.226496
16,18,0.000000
16,19,0.000000
16,20,0.000000
16,21,0.000000
16,22,0.000000
17,1,0.000000
17,2,0.000000
17,3,95.699028
17,4,14.120013
17,5,0.000000
17,6,0.000000
17,7,67.872266
17,8,187.492469
17,9,0.000000
17,10,0.000000
17,11,149.756647
17,12,194.910705
17,13,0.000000
17,14,164.008704
17,15,223.712414
17,16,49.341816
17,18,0.000000
17,19,0.000000
17,20,0.000000
17,21,0.000000
17,22,0.000000
18,1,0.000000
18,2,0.000000
18,3,0.000000
18,4,0.000000
18,5,0.000000
18,6,0.000000
18,7,0.000000
18,8,0.000000
18,9,0.000000
18,10,0.000000
18,11,0.000000
18,12,0.000000
18,13,0.000000
18,14,0.000000
18,15,0.000000
18,16,0.000000
18,17,0.000000
18,19,0.000000
18,20,0.000000
18,21,0.000000
18,22,0.000000
19,1,0.000000
19,2,0.000000
19,3,0.000000
19,4,0.000000
19,5,0.000000
19,6,0.000000
19,7,0.000000
19,8,0.000000
19,9,0.000000
19,10,0.000000
19,11,0.000000
19,12,0.000000
19,13,0.000000
19,14,0.000000
19,15,0.000000
19,16,0.000000
19,17,0.000000
19,18,0.000000
19,20,0.000000
19,21,0.000000
19,22,0.000000
20,1,0.000000
20,2,0.000000
20,3,0.000000
20,4,0.000000
20,5,0.000000
20,6,0.000000
20,7,0.000000
20,8,0.000000
20,9,0.000000
20,10,0.000000
20,11,0.000000
20,12,0.000000
20,13,0.000000
20,14,0.000000
20,15,0.000000
20,16,0.000000
20,17,0.000000
20,18,0.000000
20,19,0.000000
20,21,0.000000
20,22,0.000000
21,1,0.000000
21,2,0.000000
21,3,0.000000
21,4,0.000000
21,5,0.000000
21,6,0.000000
21,7,0.000000
21,8,0.000000
21,9,0.000000
21,10,0.000000
21,11,0.000000
21,12,0.000000
21,13,0.000000
21,14,0.000000
21,15,0.000000
21,16,0.000000
21,17,0.000000
21,18,0.000000
21,19,0.000000
21,20,0.000000
21,22,0.000000
22,1,0.000000
22,2,0.000000
22,3,0.000000
22,4,0.000000
22,5,0.000000
22,6,0.000000
22,7,0.000000
22,8,0.000000
22,9,0.000000
22,10,0.000000
22,11,0.000000
22,12,0.000000
22,13,0.000000
22,14,0.000000
22,15,0.000000
22,16,0.000000
22,17,0.000000
22,18,0.000000
22,19,0.000000
22,20,0.000000
22,21,0.000000
