1,2,87.656141
1,3,680.563803
1,4,62.569838
1,5,0.000988
1,6,583.249749
1,7,58.697443
1,8,121.901755
1,9,8.194243
1,10,29.712848
1,11,0.000237
1,12,222.343769
1,13,0.000401
1,14,129.731886
1,15,41.902774
1,16,0.000599
1,17,229.876235
1,18,0.000189
1,19,0.000760
1,20,66.306287
1,21,31.788383
1,22,0.000215
2,1,0.000062
2,3,0.000213
2,4,0.000818
2,5,0.000197
2,6,0.000193
2,7,0.000237
2,8,32.337355
2,9,0.000194
2,10,0.000239
2,11,0.000090
2,12,66.783156
2,13,0.000123
2,14,0.000985
2,15,0.001171
2,16,0.000099
2,17,0.000187
2,18,0.000109
2,19,0.000194
2,20,0.000045
2,21,0.000184
2,22,0.000091
3,1,0.000066
3,2,0.000021
3,4,0.000032
3,5,0.000029
3,6,0.000241
3,7,0.000198
3,8,0.000035
3,9,0.000307
3,10,0.000392
3,11,0.000083
3,12,0.000050
3,13,0.000160
3,14,0.000550
3,15,0.000118
3,16,0.000086
3,17,0.000117
3,18,0.000027
3,19,0.000101
3,20,0.000044
3,21,0.000262
3,22,0.000084
4,1,0.000057
4,2,0.000634
4,3,0.000519
4,5,0.000259
4,6,0.000579
4,7,0.000335
4,8,58.596715
4,9,0.000254
4,10,0.000339
4,11,0.000101
4,12,67.528957
4,13,0.000145
4,14,1.510891
4,15,0.000237
4,16,0.000113
4,17,0.000172
4,18,0.000126
4,19,0.000126
4,20,0.000048
4,21,0.000237
4,22,0.000157
5,1,0.000052
5,2,0.000328
5,3,0.000295
5,4,0.000680
5,6,0.000311
5,7,0.000330
5,8,142.958690
5,9,0.000434
5,10,0.000829
5,11,0.000102
5,12,180.283767
5,13,0.000183
5,14,0.001663
5,15,0.009730
5,16,0.000249
5,17,0.024337
5,18,0.000106
5,19,0.000211
5,20,0.000059
5,21,0.000257
5,22,0.000094
6,1,0.000302
6,2,0.000121
6,3,262.090103
6,4,74.561084
6,5,0.001932
6,7,0.001958
6,8,132.644804
6,9,44.904288
6,10,58.855734
6,11,0.000135
6,12,0.000072
6,13,0.000953
6,14,61.716452
6,15,0.000232
6,16,0.000141
6,17,0.000239
6,18,0.000253
6,19,0.000264
6,20,0.000059
6,21,12.688816
6,22,0.000137
7,1,0.000070
7,2,32.064160
7,3,37.450519
7,4,68.127524
7,5,0.000267
7,6,0.000098
7,8,77.623550
7,9,55.500408
7,10,69.323538
7,11,0.000144
7,12,0.000066
7,13,0.002058
7,14,71.417127
7,15,0.000250
7,16,0.000151
7,17,0.000266
7,18,0.001137
7,19,0.000368
7,20,0.000063
7,21,22.762523
7,22,0.000211
8,1,0.000077
8,2,68.069714
8,3,60.947549
8,4,103.019285
8,5,135.586011
8,6,64.217926
8,7,113.091597
8,9,110.077582
8,10,102.028257
8,11,183.912363
8,12,96.171591
8,13,11.409846
8,14,0.001416
8,15,0.005458
8,16,68.991138
8,17,278.966536
8,18,0.000304
8,19,39.097465
8,20,23.643073
8,21,42.539914
8,22,0.000103
9,1,0.000042
9,2,0.000108
9,3,100.996937
9,4,0.000130
9,5,0.000074
9,6,0.000144
9,7,73.037307
9,8,0.000812
9,10,20.958018
9,11,0.000312
9,12,0.000056
9,13,0.000310
9,14,52.647856
9,15,0.000149
9,16,0.001215
9,17,44.514691
9,18,34.018406
9,19,0.000125
9,20,0.000049
9,21,0.000592
9,22,0.000092
10,1,0.000044
10,2,0.000122
10,3,115.782135
10,4,0.000151
10,5,0.000080
10,6,0.000158
10,7,87.259337
10,8,41.477045
10,9,20.370725
10,11,91.629361
10,12,0.000053
10,13,0.000237
10,14,0.000191
10,15,0.000130
10,16,0.000622
10,17,27.747385
10,18,49.270150
10,19,0.000140
10,20,0.000046
10,21,0.000360
10,22,0.000049
11,1,0.000049
11,2,0.000221
11,3,0.000236
11,4,0.000345
11,5,0.000104
11,6,0.000062
11,7,0.000168
11,8,155.101011
11,9,0.000362
11,10,121.029998
11,12,0.000135
11,13,159.012123
11,14,224.249140
11,15,79.541751
11,16,0.000489
11,17,18.238545
11,18,0.000146
11,19,96.277743
11,20,0.000099
11,21,179.383046
11,22,2.889299
12,1,0.000187
12,2,119.270344
12,3,0.000387
12,4,144.743169
12,5,187.676401
12,6,0.000079
12,7,0.000330
12,8,153.135487
12,9,0.000168
12,10,0.000146
12,11,0.001426
12,13,0.000282
12,14,0.000162
12,15,0.000212
12,16,0.001175
12,17,213.810278
12,18,0.000302
12,19,0.000397
12,20,0.000341
12,21,0.000480
12,22,0.000066
13,1,0.000039
13,2,0.000087
13,3,40.963918
13,4,0.000103
13,5,0.000063
13,6,0.000102
13,7,11.899810
13,8,0.000472
13,9,0.000414
13,10,0.000300
13,11,60.792346
13,12,0.000068
13,14,0.000382
13,15,0.000051
13,16,57.357237
13,17,119.415035
13,18,0.000194
13,19,0.000343
13,20,0.000058
13,21,30.920992
13,22,0.000087
14,1,0.000075
14,2,48.931405
14,3,59.171175
14,4,84.505710
14,5,0.000232
14,6,0.000108
14,7,21.742529
14,8,54.909958
14,9,64.957882
14,10,28.991741
14,11,151.461831
14,12,0.000090
14,13,75.944912
14,15,0.101002
14,16,0.000081
14,17,0.000105
14,18,1.240027
14,19,13.208346
14,20,0.000072
14,21,0.000575
14,22,0.000099
15,1,0.000068
15,2,0.000456
15,3,121.448711
15,4,0.000278
15,5,0.000278
15,6,0.000090
15,7,0.000852
15,8,0.000483
15,9,0.000244
15,10,0.000200
15,11,23.434293
15,12,0.000110
15,13,0.000595
15,14,0.000233
15,16,44.553337
15,17,322.848186
15,18,0.000415
15,19,0.000087
15,20,0.000083
15,21,0.014024
15,22,0.000077
16,1,0.000053
16,2,0.000174
16,3,23.357313
16,4,0.000238
16,5,0.000051
16,6,0.000093
16,7,0.001852
16,8,0.000121
16,9,0.000125
16,10,0.000106
16,11,141.830398
16,12,0.000048
16,13,0.000161
16,14,0.004978
16,15,0.000132
16,17,62.568029
16,18,0.000623
16,19,0.000110
16,20,0.000042
16,21,0.000261
16,22,18.211485
17,1,0.000141
17,2,0.000384
17,3,94.590868
17,4,0.001138
17,5,0.000065
17,6,0.000130
17,7,56.465954
17,8,299.598132
17,9,0.000216
17,10,0.000165
17,11,209.155489
17,12,185.529370
17,13,0.000323
17,14,60.644413
17,15,390.665135
17,16,67.227502
17,18,31.466271
17,19,55.162129
17,20,0.000315
17,21,0.001935
17,22,85.437894
18,1,0.000061
18,2,0.003026
18,3,0.001292
18,4,26.938229
18,5,0.000372
18,6,0.000189
18,7,0.000349
18,8,85.313360
18,9,0.007217
18,10,0.498957
18,11,0.000100
18,12,0.000071
18,13,0.000284
18,14,3.239164
18,15,0.000147
18,16,0.000104
18,17,0.000148
18,19,0.000154
18,20,0.000048
18,21,0.000628
18,22,0.000101
19,1,0.000250
19,2,0.000070
19,3,0.000569
19,4,0.000099
19,5,0.000070
19,6,0.000077
19,7,0.000571
19,8,86.430821
19,9,0.000214
19,10,0.000179
19,11,11.273265
19,12,0.000349
19,13,0.000443
19,14,0.000205
19,15,0.000133
19,16,7.839764
19,17,110.103972
19,18,0.000301
19,20,0.000140
19,21,0.001317
19,22,0.000073
20,1,0.000126
20,2,0.000072
20,3,0.000429
20,4,0.000081
20,5,0.000060
20,6,0.000071
20,7,0.000266
20,8,30.606224
20,9,0.000150
20,10,0.000132
20,11,0.000672
20,12,0.000183
20,13,0.000235
20,14,0.000145
20,15,0.000099
20,16,0.000607
20,17,59.340569
20,18,0.000187
20,19,0.000127
20,21,0.000355
20,22,0.000063
21,1,0.000050
21,2,0.000168
21,3,46.093971
21,4,0.000231
21,5,0.000083
21,6,0.000103
21,7,12.076554
21,8,29.144575
21,9,22.149367
21,10,2.135905
21,11,77.583867
21,12,0.000089
21,13,74.629356
21,14,0.000290
21,15,0.073172
21,16,0.001272
21,17,44.314374
21,18,0.001703
21,19,11.901117
21,20,0.000072
21,22,0.000074
22,1,0.000246
22,2,0.002155
22,3,0.011188
22,4,17.325226
22,5,0.000134
22,6,0.000082
22,7,0.000516
22,8,0.001335
22,9,0.018163
22,10,0.000503
22,11,84.648447
22,12,0.000069
22,13,0.351217
22,14,0.000338
22,15,0.000966
22,16,0.000376
22,17,4.178563
22,18,0.000355
22,19,0.000402
22,20,0.000058
22,21,0.000212
