From        to        Volume Capacity
1        2        1785.955300521202
2        1        701.9114412529308
1        3        1085.866113305218
3        1        1671.6113585734893
2        3        3429.6727776218027
3        2        1939.71163735912
2        4        846.4753267897162
4        2        354.3024947841282
3        5        5207.623358072046
5        3        4199.336566582771
3        6        2998.4454658586897
6        3        1465.0646073535527
4        5        1189.3858859553195
5        4        2275.6583249228456
5        6        1139.8781390979877
6        5        1402.8630651233193
4        8        127.8334519361988
8        4        383.70980296308494
5        7        3354.5154791723685
7        5        4345.237365625287
6        7        1478.3587076828294
7        6        2258.639957203024
7        8        1438.4946519314647
8        7        2240.456486904579
