From        to        Volume_Capacity
1        2        2300.04713902387
1        3        3900.04713902387
2        1        2300.04713902387
2        6        3500.1051562839884
3        1        3900.04713902387
3        4        7105.167162230771
3        12        2994.7711944303674
4        3        7060.457611139296
4        5        10641.935600841209
4        11        4155.555152657914
5        4        10650.279208064238
5        6        8041.913844368717
5        9        7900.02175647252
6        2        3500.1051562839884
6        5        8050.257451591827
6        8        7541.9609833925915
7        8        6500.0
8        6        7550.304590615643
8        7        6500.0
8        9        5149.695409384357
9        5        7900.02175647252
9        8        5158.0390166074085
9        10        13749.6736529117
10        9        13758.01726013493
10        11        8249.6736529117
11        4        4202.501994343306
11        10        8158.017260134861
11        12        4239.437232576707
12        3        3039.4807455217865
12        11        4194.727681485245
