From        to        Volume_Capacity
1        2        8879.397826715158
2        1        7220.92708574982
1        3        9120.602171834937
3        1        16279.072912800266
2        3        10607.647137162887
3        2        11220.927086100042
2        4        11571.750688806444
4        2        9999.999998903959
3        5        19893.749576896924
5        3        25415.404690671494
3        6        18334.499732188626
6        3        20584.59530831657
4        5        12699.9999992296
5        4        16999.99999925986
5        6        5999.99999922194
6        5        10999.999999179643
4        8        8071.750688885729
8        4        8999.99999895298
5        7        21693.749576801943
7        5        14915.404690649051
6        7        17434.499732009182
7        6        13584.59530809483
7        8        16428.249309239713
8        7        14499.99999917247
