From        to        Volume Capacity
1        2        2299.9999986648204
1        3        3899.999998688233
2        1        2299.999998663629
2        6        3499.9999986713683
3        1        3899.999998689427
3        4        7060.546614392599
3        12        3039.4533830586906
4        3        7105.2710212288885
4        5        10650.277170964806
4        11        4202.510698517833
5        4        10641.964082937508
5        6        8050.27717071561
5        9        7899.9999987258425
6        2        3499.9999986701755
6        5        8041.964082736314
6        8        7550.277170840937
7        8        6499.999998663742
8        6        7541.964082860455
8        7        6499.999998663742
8        9        5158.035914394822
9        5        7899.999998677847
9        8        5149.722826414328
9        10        13758.035914328017
10        9        13749.722826299527
10        11        8158.035914355255
11        4        4155.548193381439
11        10        8249.722826326752
11        12        4194.728975972957
12        3        2994.7289762235932
12        11        4239.453382808038
