From        to        Volume_Capacity
1        2        4933.291077886734
1        3        7854.081006176732
2        1        4974.072057964606
2        6        4773.255782160914
3        1        7813.3000260989875
3        4        12652.345550128455
3        12        9436.070740588772
4        3        12622.000671115982
4        5        15166.214036265257
4        11        3987.799609758511
5        4        15204.649590494975
5        6        5955.040701937443
5        9        12971.19172787493
6        2        4814.036762238568
6        5        5929.670531797196
6        8        10248.233349489838
7        8        10141.094416067344
7        18        13235.160508556715
8        6        10263.644159427331
8        7        10115.168959645842
8        9        5754.499832221104
8        16        6711.608068304628
9        5        13034.997452245043
9        8        5698.520313684575
9        10        17512.678871033593
10        9        17600.505076867645
10        11        14212.75169953889
10        15        18955.639735033565
10        16        8830.090849210112
10        17        6479.999502877111
11        4        3999.019176515932
11        10        14138.964741558244
11        12        6783.638193952446
11        14        7389.960603010132
12        3        9425.634639523505
12        11        6795.325056236955
12        13        11534.847569690544
13        12        11616.098330909917
13        24        8397.721188620904
14        11        7395.7063495023385
14        15        6793.192896113699
14        23        6088.694182419209
15        10        19029.99540161266
15        14        6807.343996619609
15        19        14762.622323304027
15        22        13824.149733417808
16        8        6757.072940357698
16        10        8837.347849322085
16        17        8879.947802095214
16        18        14126.449672520564
17        10        6480.0
17        16        8888.41877633179
17        19        7306.7680797384955
18        7        13261.0859649777
18        16        14170.70057044874
18        20        16625.26527720823
19        15        14797.06946049735
19        17        7315.239551097986
19        20        6647.382275083016
20        18        16615.441631557645
20        19        6690.3008836359495
20        21        5067.714601742441
20        22        5600.080533910029
21        20        5020.74941277352
21        22        6777.128369561169
21        24        8314.389968059793
22        15        13798.209363309736
22        20        5600.140685780937
22        21        6766.748443383907
22        23        7446.956737879425
23        14        6080.288828405585
23        22        7410.696593465316
23        24        5764.594906975886
24        13        8398.971949840163
24        21        8277.804705268174
24        23        5719.929408547987
