From        to        Volume_Capacity
1        2        1169.660000000002
1        3        1893.72
2        1        1173.4400000000016
2        6        1128.4400000000005
3        1        1889.940000000002
3        4        3592.3000000000006
3        12        2687.179999999996
4        3        3550.7800000000025
4        5        3946.1799999999985
4        11        1294.639999999998
5        4        3907.020000000004
5        6        1469.0599999999997
5        9        3417.199999999999
6        2        1132.2199999999996
6        5        1492.8999999999987
6        8        2476.0400000000022
7        8        2684.3799999999997
7        18        3448.360000000002
8        6        2503.6600000000008
8        7        2668.959999999998
8        9        1497.1999999999991
8        16        1539.0600000000006
9        5        3354.199999999998
9        8        1510.6400000000008
9        10        4462.180000000005
10        9        4432.620000000002
10        11        3444.6
10        15        4601.920000000001
10        16        2086.0999999999995
10        17        1624.0400000000002
11        4        1312.28
11        10        3381.9000000000015
11        12        1343.3800000000003
11        14        2090.72
12        3        2724.920000000004
12        11        1306.1200000000015
12        13        2853.78
13        12        2874.260000000004
13        24        2117.120000000001
14        11        2102.9200000000005
14        15        1958.3600000000001
14        23        1683.6399999999999
15        10        4583.5399999999945
15        14        1951.2800000000004
15        19        3813.999999999998
15        22        3346.96
16        8        1537.820000000001
16        10        2117.46
16        17        2130.8599999999965
16        18        3643.480000000002
17        10        1624.1999999999991
17        16        2105.9199999999987
17        19        1750.78
18        7        3463.7799999999997
18        16        3698.540000000001
18        20        4115.1600000000035
19        15        3800.5800000000004
19        17        1726.0
19        20        1886.639999999999
20        18        4165.640000000007
20        19        1848.44
20        21        1260.9200000000012
20        22        1400.5400000000006
21        20        1257.0999999999997
21        22        1458.0999999999995
21        24        1827.879999999999
22        15        3314.9199999999964
22        20        1396.6399999999999
22        21        1460.0399999999984
22        23        1941.0200000000002
23        14        1702.9199999999994
23        22        1907.0199999999982
23        24        1709.7400000000007
24        13        2117.5999999999995
24        21        1822.1200000000001
24        23        1695.0199999999988
