From        to        Volume_Capacity
1        2        1176.9110025726316
1        3        1892.5734809788605
2        1        1172.5717410486523
2        6        1136.903421448369
3        1        1896.9127425027452
3        4        3580.2992679866275
3        12        2709.1396045387123
4        3        3576.5494699427
4        5        3928.145731578454
4        11        1296.6200613946926
5        4        3947.991747759773
5        6        1454.7492636367197
5        9        3413.3969650646627
6        2        1132.5641599244327
6        5        1476.9773684799336
6        8        2471.6436125920814
7        8        2694.5474317388494
7        18        3452.095621590064
8        6        2489.532455911385
8        7        2672.0993500118425
8        9        1512.3457986900933
8        16        1536.3777139803422
9        5        3411.0148764028067
9        8        1516.8251245914723
9        10        4456.4968991960295
10        9        4478.594136435357
10        11        3390.731516349148
10        15        4591.7784571790635
10        16        2098.7017635434745
10        17        1620.025104706519
11        4        1293.0242471695135
11        10        3380.4190746057106
11        12        1306.3021512993712
11        14        2083.197618781331
12        3        2717.2286641064793
12        11        1300.586977865618
12        13        2845.0373463579854
13        12        2867.411232491942
13        24        2117.869206964659
14        11        2095.0045362465
14        15        1962.0734996209262
14        23        1703.2805140250885
15        10        4592.551483290428
15        14        1978.2992182742485
15        19        3804.082000422529
15        22        3319.6818413432575
16        8        1527.3391496712932
16        10        2110.337422169232
16        17        2135.484011284742
16        18        3656.7334054161465
17        10        1620.0260989523208
17        16        2124.1103364278833
17        19        1754.666368392947
18        7        3474.5437033170388
18        16        3670.7041745895654
18        20        4122.161490374467
19        15        3806.0501099884737
19        17        1743.2936877819643
19        20        1860.7798615512825
20        18        4138.580341274812
20        19        1851.3752905061897
20        21        1261.7330947143253
20        22        1400.0033555795849
21        20        1248.7716093110841
21        22        1449.6784857636426
21        24        1832.0454121770142
22        15        3314.7124765420467
22        20        1399.9791208381557
22        21        1450.3935970570303
22        23        1918.392925941104
23        14        1698.8617128369713
23        22        1914.114437691857
23        24        1708.1978052023687
24        13        2120.2430930986425
24        21        1818.368815480427
24        23        1699.5005157650144
