From        to        Volume_Capacity
1        2        4932.914349971796
1        3        7856.07146873233
2        1        4976.063972012224
2        6        4772.871868557516
3        1        7812.921846691981
3        4        12653.549572062166
3        12        9439.149871931038
4        3        12623.108390079366
4        5        15167.2318360716
4        11        3988.2591366277798
5        4        15207.448741175707
5        6        5955.479477728595
5        9        12971.77085025305
6        2        4816.021490597835
6        5        5929.183482226485
6        8        10248.286874492527
7        8        10141.577060036216
7        18        13236.262135315812
8        6        10265.140501030735
8        7        10116.254138814458
8        9        5753.002561379324
8        16        6710.936465296427
9        5        13038.283750858987
9        8        5698.892234647346
9        10        17512.896107952536
10        9        17605.298681826738
10        11        14205.273692759607
10        15        18961.680264884424
10        16        8827.477478602977
10        17        6480.000499781334
11        4        3997.601049540841
11        10        14138.381957893205
11        12        6779.972761916612
11        14        7386.871243830779
12        3        9426.441431873453
12        11        6795.00468545005
12        13        11533.861435621975
13        12        11616.184919097928
13        24        8396.95783094872
14        11        7394.28949834446
14        15        6794.512900605927
14        23        6090.761791716026
15        10        19034.060598488308
15        14        6810.8287624164295
15        19        14765.045792465597
15        22        13822.873992628254
16        8        6756.577497344872
16        10        8834.379958768242
16        17        8882.76429062269
16        18        14121.489848191028
17        10        6480.011994752376
17        16        8886.849503342324
17        19        7309.625538826762
18        7        13261.585056537895
18        16        14169.94814768529
18        20        16619.808333854086
19        15        14800.242893733768
19        17        7313.722246517163
19        20        6651.327544199421
20        18        16613.589554569662
20        19        6690.621353157974
20        21        5067.496470294228
20        22        5600.084463047347
21        20        5020.523021178174
21        22        6777.735240832228
21        24        8318.33372899338
22        15        13796.373086774454
22        20        5600.132941837963
22        21        6770.9147248078425
22        23        7442.224026988162
23        14        6081.8641844193635
23        22        7408.951083900794
23        24        5760.966577122552
24        13        8399.281314424856
24        21        8278.180795901699
24        23        5718.796026738434
