From        to        Volume_Capacity
1        2        1177.1076404073476
1        3        1891.5858062097566
2        1        1171.583557193758
2        6        1137.097144999063
3        1        1897.109889423384
3        4        3579.703879552717
3        12        2707.596676454073
4        3        3575.997001311917
4        5        3927.637408633742
4        11        1296.3965764978095
5        4        3946.5963640906916
5        6        1454.536140438567
5        9        3413.10089335916
6        2        1131.5730617854776
6        5        1477.215593177985
6        8        2471.6254138813797
7        8        2694.3051165114757
7        18        3451.5493221715706
8        6        2488.780783407248
8        7        2671.555944274367
8        9        1513.1021428125398
8        16        1536.7131879802637
9        5        3409.3803960767127
9        8        1516.6363465983559
9        10        4456.390454176265
10        9        4476.204160679671
10        11        3394.4700443555894
10        15        4588.754669832017
10        16        2100.0107452988846
10        17        1620.018616855134
11        4        1293.7307428000258
11        10        3380.710689073518
11        12        1308.1350659086597
11        14        2084.7474230024204
12        3        2716.8276379083713
12        11        1300.7436746423289
12        13        2845.5234584869463
13        12        2867.3630286749426
13        24        2118.2478915474694
14        11        2095.7136252889213
14        15        1961.4100081214608
14        23        1702.2503904541488
15        10        4590.523520959574
15        14        1976.55638158303
15        19        3802.8657462359947
15        22        3320.3136127942985
16        8        1527.5851814831142
16        10        2111.820578496886
16        17        2134.0734678578015
16        18        3659.2082214031525
17        10        1620.012994314969
17        16        2124.892859374043
17        19        1753.2388330105518
18        7        3474.298494408738
18        16        3671.070656587705
18        20        4124.883988255109
19        15        3804.460298619339
19        17        1744.0526019866375
19        20        1858.8061473105327
20        18        4139.49559567706
20        19        1851.2144686699764
20        21        1261.8464421815606
20        22        1400.0043730867596
21        20        1248.887236833908
21        22        1449.3701505591307
21        24        1830.0737177484648
22        15        3315.634285000271
22        20        1399.9835072155843
22        21        1448.310364215664
22        23        1920.7551696133064
23        14        1698.0702192790543
23        22        1914.9951896045327
23        24        1710.01112013494
24        13        2120.0874617355025
24        21        1818.1742987443172
24        23        1700.0709689510722
