From 	To 	Volume 	Capacity 
1 	2 	4494.6576464564205 	
1 	3 	8119.079948047809 	
2 	1 	4519.079948047809 	
2 	6 	5967.3363961713767 	
3 	1 	8094.6576464564205 	
3 	4 	14006.371019862527 	
3 	12 	10022.319615163622 
4 	3 	14030.560917400857 
4 	5 	18006.371019862527 
4 	11 	5200 	
5 	4 	18030.560917400857 
5 	6 	8798.2677141063105 
5 	9 	15780.782055471172 
6 	2 	5991.7586977627652 	
6 	5 	8806.498666814754 	
6 	8 	12492.925360562731 	
7 	8 	12101.529122313244 	
7 	18 	15794.010606975833 	
8 	6 	12525.578614862563 	
8 	7 	12040.918272853545 	
8 	9 	6882.6649126617776 	
8 	16 	8388.7130630035899 	
9 	5 	15796.741000301059 	
9 	8 	6836.7059752944042 	
9 	10 	21744.076080176768 	
10 	9 	21814.076087639281 	
10 	11 	17726.625032961048 	
10 	15 	23125.797290102622 	
10 	16 	11047.093881273468 	
10 	17 	8100 	
11 	4 	5300 	
11 	10 	17604.223533231314 	
11 	12 	8365.2856538592168 	
11 	14 	9776.1195327472524 	
12 	3 	9973.7074160339034 	
12 	11 	8404.934623946574 
12 	13 	12287.605269022839 
13 	12 	12378.642039980477 	
13 	24 	11121.357960019523 
14 	11 	9814.0690629301607 	
14 	15 	9036.3341340276384 	
14 	23 	8400.4368302748553 	
15 	10 	23192.283359357847 
15 	14 	9079.8203165874729 	
15 	19 	19083.289764747366 	
15 	22 	18409.935026515312 	
16 	8 	8406.7144052110962 	
16 	10 	11073.009319210491 
16 	17 	11695.002916533696 	
16 	18 	15278.325241515115 	
17 	10 	8100 	
17 	16 	11683.838282439508 	
17 	19 	9953.0214320510204 	
18 	7 	15854.621456435532 	
18 	16 	15333.406655753832 	
18 	20 	18976.79611920187 
19 	15 	19116.724279078175 	
19 	17 	9941.8567979568325 	
19 	20 	8688.3670404945951 	
20 	18 	18992.488382900287 	
20 	19 	8710.6369207312164 	
20 	21 	6302.0228741869942 	
20 	22 	7000 	
21 	20 	6239.9850181220318 	
21 	22 	8619.539698101762 	
21 	24 	10309.410803922008 
22 	15 	18386.472763999562 
22 	20 	7000 	
22 	21 	8607.387929735014 	
22 	23 	9661.8242313658484 
23 	14 	8394.9001778979291 	
23 	22 	9626.2102004833505 	
23 	24 	7902.9839270551529 	
24 	13 	11112.394730977161 	
24 	21 	10259.524716223794 
24 	23 	7861.8332437957288 	
